111,35
3,1
3,3
10,33
10,227
10,9
10,67
10,249
10,163
10,65
10,167
10,2
10,3
11,26
9,7
9,5
8,7
8,10
8,12
8,14
8,2
8,3
37,3
37,2
37,1
37,0
26,4
26,3
26,2
26,1
26,0
25,3
25,2
25,1
24,3
24,1
20,3
20,2
20,1
19,3
19,2
19,1
12,3
12,2
12,1
11,30
11,29
11,28
11,27
11,25
11,24
11,22
11,20
11,19
11,18
11,17
11,16
11,15
11,14
11,12
11,11
11,10
11,9
11,8
11,5
11,4
11,3
11,2
11,1
10,307
10,305
10,303
10,301
10,299
10,289
10,281
10,275
10,271
10,270
10,268
10,265
10,242
10,231
10,223
10,217
10,215
10,203
10,197
10,186
10,185
10,169
10,166
10,164
10,160
10,152
10,149
10,139
10,136
10,131
10,129
10,120
10,113
18,1
10,111
18,3
